H_wall: 589.252177540975
Nu_max: 83.76066815497286
H_interface: 5340.809432108712
c_p: 46.493941400000004
