K_cloud-N2: 1.345928778031012
K_bubble-CO2: 2.336234191198313
K_cloud-CO: 1.33608328294869
K_bubble-N2: 2.369681416533796
K_cloud-H2: 2.3997417532775014
K_bubble-H2: 3.2389402891999417
K_cloud-H2O: 1.537614648652266
K_bubble-H2O: 2.527797370423323
K_bubble-CO: 2.361560161475138
K_cloud-CO2: 1.305380304897322
